Number of True Pairs: 200
Number of R extra: 200
Number of G extra: 200
Area: 100
Density R: 4.0
Density G: 4.0
Tag distance: 0.01
True distance threshold: 20.0 nm
Distance Tree threshold Factor (Normalized): 4
Number of MC in est prob: 100000
Precision: Different for Channel 1 and 2
Number of whole simulations: 20
Metric	Mean Value	List
Total Number of Pairs Found: 	220	[223, 221, 221, 225, 218, 216, 212, 221, 220, 217, 226, 216, 221, 226, 226, 216, 212, 224, 214, 215]
TP	192.1	[194, 195, 192, 192, 196, 194, 187, 191, 190, 194, 193, 194, 193, 189, 190, 194, 196, 189, 191, 188]
FN	7.9	[6, 5, 8, 8, 4, 6, 13, 9, 10, 6, 7, 6, 7, 11, 10, 6, 4, 11, 9, 12]
FP	27.4	[29, 26, 29, 33, 22, 22, 25, 30, 30, 23, 33, 22, 28, 37, 36, 22, 16, 35, 23, 27]
TN	172.6	[171, 174, 171, 167, 178, 178, 175, 170, 170, 177, 167, 178, 172, 163, 164, 178, 184, 165, 177, 173]
Recall	0.9604999999999999	[0.97, 0.975, 0.96, 0.96, 0.98, 0.97, 0.935, 0.955, 0.95, 0.97, 0.965, 0.97, 0.965, 0.945, 0.95, 0.97, 0.98, 0.945, 0.955, 0.94]
Precision_Stat	0.8755709030308463	[0.8699551569506726, 0.8823529411764706, 0.8687782805429864, 0.8533333333333334, 0.8990825688073395, 0.8981481481481481, 0.8820754716981132, 0.8642533936651584, 0.8636363636363636, 0.8940092165898618, 0.8539823008849557, 0.8981481481481481, 0.8733031674208145, 0.8362831858407079, 0.8407079646017699, 0.8981481481481481, 0.9245283018867925, 0.84375, 0.8925233644859814, 0.8744186046511628]
Accuracy	0.9117500000000002	[0.9125, 0.9225, 0.9075, 0.8975, 0.935, 0.93, 0.905, 0.9025, 0.9, 0.9275, 0.9, 0.93, 0.9125, 0.88, 0.885, 0.93, 0.95, 0.885, 0.92, 0.9025]
Number of steps in MC estimation of Background: 25
Number of MC in each step for Background: 20
MC_hist6: [67, 26, 22, 21, 21, 17, 16, 21, 19, 22, 19, 17, 21, 19, 21, 21, 20, 17, 24, 21, 20, 23, 18, 19, 19]
pair_est6: [153, 194, 198, 199, 199, 203, 204, 199, 201, 198, 201, 203, 199, 201, 199, 199, 200, 203, 196, 199, 200, 197, 202, 201, 201]
MC_hist5: [76, 32, 21, 20, 19, 18, 18, 17, 19, 17, 20, 21, 18, 19, 17, 20, 20, 20, 22, 23, 20, 19, 21, 15, 19]
pair_est5: [144, 188, 199, 200, 201, 202, 202, 203, 201, 203, 200, 199, 202, 201, 203, 200, 200, 200, 198, 197, 200, 201, 199, 205, 201]
MC_hist7: [67, 28, 20, 17, 19, 19, 17, 18, 19, 21, 20, 20, 20, 21, 24, 25, 20, 20, 18, 15, 18, 18, 21, 20, 19]
pair_est7: [153, 192, 200, 203, 201, 201, 203, 202, 201, 199, 200, 200, 200, 199, 196, 195, 200, 200, 202, 205, 202, 202, 199, 200, 201]
MC_hist0: [70, 29, 22, 19, 19, 17, 22, 21, 20, 21, 21, 18, 18, 19, 20, 20, 19, 19, 19, 17, 16, 19, 24, 22, 22]
pair_est0: [150, 191, 198, 201, 201, 203, 198, 199, 200, 199, 199, 202, 202, 201, 200, 200, 201, 201, 201, 203, 204, 201, 196, 198, 198]
MC_hist1: [71, 30, 22, 19, 23, 18, 14, 17, 21, 20, 18, 18, 20, 19, 18, 22, 18, 20, 24, 23, 18, 24, 23, 21, 23]
pair_est1: [149, 190, 198, 201, 197, 202, 206, 203, 199, 200, 202, 202, 200, 201, 202, 198, 202, 200, 196, 197, 202, 196, 197, 199, 197]
MC_hist3: [72, 34, 18, 23, 21, 21, 20, 17, 21, 18, 17, 21, 19, 21, 18, 21, 22, 21, 16, 19, 18, 22, 21, 21, 19]
pair_est3: [148, 186, 202, 197, 199, 199, 200, 203, 199, 202, 203, 199, 201, 199, 202, 199, 198, 199, 204, 201, 202, 198, 199, 199, 201]
MC_hist8: [71, 31, 22, 20, 19, 20, 20, 21, 21, 17, 19, 20, 19, 22, 19, 20, 19, 19, 20, 20, 21, 18, 18, 21, 21]
pair_est8: [149, 189, 198, 200, 201, 200, 200, 199, 199, 203, 201, 200, 201, 198, 201, 200, 201, 201, 200, 200, 199, 202, 202, 199, 199]
MC_hist9: [74, 32, 18, 18, 22, 21, 20, 21, 21, 20, 17, 16, 14, 16, 16, 17, 16, 21, 21, 19, 23, 19, 17, 21, 17]
pair_est9: [146, 188, 202, 202, 198, 199, 200, 199, 199, 200, 203, 204, 206, 204, 204, 203, 204, 199, 199, 201, 197, 201, 203, 199, 203]
MC_hist2: [83, 31, 19, 22, 21, 20, 21, 17, 19, 21, 21, 19, 21, 18, 18, 17, 16, 19, 20, 19, 18, 19, 16, 20, 19]
pair_est2: [137, 189, 201, 198, 199, 200, 199, 203, 201, 199, 199, 201, 199, 202, 202, 203, 204, 201, 200, 201, 202, 201, 204, 200, 201]
MC_hist4: [72, 31, 20, 18, 20, 19, 18, 20, 19, 18, 20, 19, 19, 20, 23, 22, 21, 23, 20, 20, 22, 20, 20, 21, 21]
pair_est4: [148, 189, 200, 202, 200, 201, 202, 200, 201, 202, 200, 201, 201, 200, 197, 198, 199, 197, 200, 200, 198, 200, 200, 199, 199]
MC_hist10: [72, 29, 21, 23, 19, 21, 19, 21, 21, 18, 19, 18, 20, 18, 20, 21, 17, 18, 17, 19, 16, 20, 18, 17, 18]
pair_est10: [148, 191, 199, 197, 201, 199, 201, 199, 199, 202, 201, 202, 200, 202, 200, 199, 203, 202, 203, 201, 204, 200, 202, 203, 202]
MC_hist11: [69, 26, 23, 24, 23, 22, 19, 18, 16, 19, 21, 17, 22, 18, 19, 21, 21, 20, 20, 19, 19, 20, 18, 17, 21]
pair_est11: [151, 194, 197, 196, 197, 198, 201, 202, 204, 201, 199, 203, 198, 202, 201, 199, 199, 200, 200, 201, 201, 200, 202, 203, 199]
MC_hist12: [70, 31, 21, 15, 18, 19, 19, 20, 22, 22, 20, 18, 22, 20, 21, 17, 19, 22, 21, 18, 20, 19, 19, 20, 23]
pair_est12: [150, 189, 199, 205, 202, 201, 201, 200, 198, 198, 200, 202, 198, 200, 199, 203, 201, 198, 199, 202, 200, 201, 201, 200, 197]
MC_hist14: [72, 30, 27, 23, 18, 19, 20, 19, 19, 20, 19, 18, 20, 19, 21, 17, 19, 15, 21, 22, 25, 19, 20, 19, 19]
pair_est14: [148, 190, 193, 197, 202, 201, 200, 201, 201, 200, 201, 202, 200, 201, 199, 203, 201, 205, 199, 198, 195, 201, 200, 201, 201]
MC_hist13: [65, 25, 19, 20, 20, 21, 17, 20, 19, 17, 21, 19, 19, 16, 21, 18, 16, 23, 20, 20, 20, 21, 19, 22, 23]
pair_est13: [155, 195, 201, 200, 200, 199, 203, 200, 201, 203, 199, 201, 201, 204, 199, 202, 204, 197, 200, 200, 200, 199, 201, 198, 197]
MC_hist15: [75, 32, 21, 21, 20, 17, 20, 17, 18, 15, 19, 21, 24, 22, 16, 21, 20, 19, 20, 20, 20, 19, 19, 18, 19]
pair_est15: [145, 188, 199, 199, 200, 203, 200, 203, 202, 205, 201, 199, 196, 198, 204, 199, 200, 201, 200, 200, 200, 201, 201, 202, 201]
MC_hist16: [78, 32, 22, 20, 20, 19, 16, 19, 19, 17, 23, 22, 25, 22, 20, 18, 19, 22, 23, 22, 17, 19, 20, 21, 20]
pair_est16: [142, 188, 198, 200, 200, 201, 204, 201, 201, 203, 197, 198, 195, 198, 200, 202, 201, 198, 197, 198, 203, 201, 200, 199, 200]
MC_hist17: [74, 32, 23, 21, 18, 20, 20, 20, 21, 19, 21, 23, 19, 21, 20, 22, 19, 22, 21, 18, 20, 17, 15, 19, 17]
pair_est17: [146, 188, 197, 199, 202, 200, 200, 200, 199, 201, 199, 197, 201, 199, 200, 198, 201, 198, 199, 202, 200, 203, 205, 201, 203]
MC_hist18: [73, 32, 23, 19, 20, 23, 18, 20, 21, 21, 22, 20, 21, 21, 24, 17, 21, 20, 20, 22, 21, 21, 19, 20, 20]
pair_est18: [147, 188, 197, 201, 200, 197, 202, 200, 199, 199, 198, 200, 199, 199, 196, 203, 199, 200, 200, 198, 199, 199, 201, 200, 200]
MC_hist19: [71, 32, 23, 23, 19, 22, 20, 20, 19, 25, 22, 21, 18, 22, 20, 19, 18, 20, 21, 21, 19, 18, 20, 22, 18]
pair_est19: [149, 188, 197, 197, 201, 198, 200, 200, 201, 195, 198, 199, 202, 198, 200, 201, 202, 200, 199, 199, 201, 202, 200, 198, 202]
MC Last: [19, 19, 19, 22, 23, 19, 21, 17, 19, 21, 18, 21, 23, 19, 23, 19, 20, 17, 20, 18]
Pair_est_last: [201, 201, 201, 198, 197, 201, 199, 203, 201, 199, 202, 199, 197, 201, 197, 201, 200, 203, 200, 202]
Mean MC Last Value: 20
Mean pair_est Last Value: 200
Error of Count of pairs	0.007750000000000002	[0.005 0.005 0.005 0.01  0.015 0.005 0.005 0.015 0.005 0.005 0.01  0.005
 0.015 0.005 0.015 0.005 0.    0.015 0.    0.01 ]
