Number of True Pairs: 100
Number of R extra: 100
Number of G extra: 100
Area: 50
Density R: 4.0
Density G: 4.0
Tag distance: 0.01
True distance threshold: 20.0 nm
Distance Tree threshold Factor (Normalized): 4
Number of MC in est prob: 100000
Precision: Different for Channel 1 and 2
Number of whole simulations: 20
Metric	Mean Value	List
Total Number of Pairs Found: 	110	[106, 110, 108, 111, 108, 109, 108, 108, 109, 111, 115, 114, 111, 110, 113, 108, 107, 116, 111, 108]
TP	96.4	[97, 98, 96, 97, 97, 96, 97, 94, 100, 94, 94, 98, 96, 99, 98, 96, 95, 98, 95, 93]
FN	3.6	[3, 2, 4, 3, 3, 4, 3, 6, 0, 6, 6, 2, 4, 1, 2, 4, 5, 2, 5, 7]
FP	13.65	[9, 12, 12, 14, 11, 13, 11, 14, 9, 17, 21, 16, 15, 11, 15, 12, 12, 18, 16, 15]
TN	86.35	[91, 88, 88, 86, 89, 87, 89, 86, 91, 83, 79, 84, 85, 89, 85, 88, 88, 82, 84, 85]
Recall	0.9639999999999999	[0.97, 0.98, 0.96, 0.97, 0.97, 0.96, 0.97, 0.94, 1.0, 0.94, 0.94, 0.98, 0.96, 0.99, 0.98, 0.96, 0.95, 0.98, 0.95, 0.93]
Precision_Stat	0.8764070341481507	[0.9150943396226415, 0.8909090909090909, 0.8888888888888888, 0.8738738738738738, 0.8981481481481481, 0.8807339449541285, 0.8981481481481481, 0.8703703703703703, 0.9174311926605505, 0.8468468468468469, 0.8173913043478261, 0.8596491228070176, 0.8648648648648649, 0.9, 0.8672566371681416, 0.8888888888888888, 0.8878504672897196, 0.8448275862068966, 0.8558558558558559, 0.8611111111111112]
Accuracy	0.91375	[0.94, 0.93, 0.92, 0.915, 0.93, 0.915, 0.93, 0.9, 0.955, 0.885, 0.865, 0.91, 0.905, 0.94, 0.915, 0.92, 0.915, 0.9, 0.895, 0.89]
Number of steps in MC estimation of Background: 25
Number of MC in each step for Background: 20
MC_hist2: [32, 12, 10, 9, 10, 7, 8, 10, 10, 10, 9, 10, 9, 10, 8, 9, 10, 12, 11, 9, 8, 9, 7, 10, 10]
pair_est2: [78, 98, 100, 101, 100, 103, 102, 100, 100, 100, 101, 100, 101, 100, 102, 101, 100, 98, 99, 101, 102, 101, 103, 100, 100]
MC_hist8: [36, 16, 10, 8, 9, 8, 8, 10, 11, 10, 9, 8, 10, 9, 9, 9, 8, 9, 8, 9, 11, 8, 9, 9, 10]
pair_est8: [74, 94, 100, 102, 101, 102, 102, 100, 99, 100, 101, 102, 100, 101, 101, 101, 102, 101, 102, 101, 99, 102, 101, 101, 100]
MC_hist3: [34, 16, 10, 11, 12, 10, 11, 9, 9, 10, 10, 10, 10, 9, 9, 6, 9, 9, 11, 8, 10, 9, 9, 8, 10]
pair_est3: [76, 94, 100, 99, 98, 100, 99, 101, 101, 100, 100, 100, 100, 101, 101, 104, 101, 101, 99, 102, 100, 101, 101, 102, 100]
MC_hist5: [34, 16, 7, 9, 9, 10, 11, 11, 9, 9, 11, 11, 8, 8, 10, 8, 9, 7, 10, 7, 10, 11, 9, 10, 11]
pair_est5: [76, 94, 103, 101, 101, 100, 99, 99, 101, 101, 99, 99, 102, 102, 100, 102, 101, 103, 100, 103, 100, 99, 101, 100, 99]
MC_hist7: [37, 14, 10, 11, 10, 9, 9, 11, 9, 10, 9, 9, 11, 10, 10, 8, 11, 9, 11, 8, 11, 8, 8, 9, 9]
pair_est7: [73, 96, 100, 99, 100, 101, 101, 99, 101, 100, 101, 101, 99, 100, 100, 102, 99, 101, 99, 102, 99, 102, 102, 101, 101]
MC_hist9: [37, 12, 11, 8, 8, 9, 11, 10, 10, 9, 9, 9, 9, 10, 9, 9, 7, 9, 9, 8, 6, 7, 8, 10, 10]
pair_est9: [73, 98, 99, 102, 102, 101, 99, 100, 100, 101, 101, 101, 101, 100, 101, 101, 103, 101, 101, 102, 104, 103, 102, 100, 100]
MC_hist1: [34, 16, 10, 10, 10, 11, 9, 9, 7, 8, 10, 8, 11, 11, 10, 12, 10, 11, 10, 10, 11, 9, 8, 9, 8]
pair_est1: [76, 94, 100, 100, 100, 99, 101, 101, 103, 102, 100, 102, 99, 99, 100, 98, 100, 99, 100, 100, 99, 101, 102, 101, 102]
MC_hist0: [35, 15, 12, 9, 8, 9, 9, 10, 8, 10, 9, 8, 9, 8, 9, 9, 10, 10, 11, 10, 10, 8, 9, 9, 9]
pair_est0: [75, 95, 98, 101, 102, 101, 101, 100, 102, 100, 101, 102, 101, 102, 101, 101, 100, 100, 99, 100, 100, 102, 101, 101, 101]
MC_hist4: [36, 16, 9, 8, 10, 9, 10, 7, 11, 9, 10, 13, 10, 9, 8, 10, 10, 10, 8, 8, 9, 7, 9, 10, 9]
pair_est4: [74, 94, 101, 102, 100, 101, 100, 103, 99, 101, 100, 97, 100, 101, 102, 100, 100, 100, 102, 102, 101, 103, 101, 100, 101]
MC_hist6: [35, 15, 12, 10, 12, 10, 9, 8, 7, 9, 11, 8, 9, 9, 7, 8, 10, 10, 10, 9, 11, 10, 10, 7, 11]
pair_est6: [75, 95, 98, 100, 98, 100, 101, 102, 103, 101, 99, 102, 101, 101, 103, 102, 100, 100, 100, 101, 99, 100, 100, 103, 99]
MC_hist10: [37, 15, 11, 11, 10, 11, 10, 10, 9, 8, 8, 8, 10, 10, 10, 10, 9, 9, 9, 11, 12, 11, 10, 9, 10]
pair_est10: [73, 95, 99, 99, 100, 99, 100, 100, 101, 102, 102, 102, 100, 100, 100, 100, 101, 101, 101, 99, 98, 99, 100, 101, 100]
MC_hist14: [37, 17, 10, 9, 9, 8, 8, 11, 8, 11, 9, 8, 8, 9, 10, 9, 8, 10, 9, 8, 12, 10, 9, 11, 8]
pair_est14: [73, 93, 100, 101, 101, 102, 102, 99, 102, 99, 101, 102, 102, 101, 100, 101, 102, 100, 101, 102, 98, 100, 101, 99, 102]
MC_hist11: [37, 16, 10, 11, 9, 8, 10, 10, 11, 9, 10, 9, 8, 10, 10, 8, 11, 10, 10, 9, 9, 10, 12, 10, 11]
pair_est11: [73, 94, 100, 99, 101, 102, 100, 100, 99, 101, 100, 101, 102, 100, 100, 102, 99, 100, 100, 101, 101, 100, 98, 100, 99]
MC_hist12: [37, 16, 9, 12, 6, 10, 12, 10, 6, 11, 10, 10, 10, 11, 10, 10, 12, 8, 11, 12, 12, 12, 12, 10, 10]
pair_est12: [73, 94, 101, 98, 104, 100, 98, 100, 104, 99, 100, 100, 100, 99, 100, 100, 98, 102, 99, 98, 98, 98, 98, 100, 100]
MC_hist13: [35, 15, 11, 7, 8, 9, 10, 11, 12, 10, 8, 9, 11, 11, 10, 9, 11, 10, 9, 11, 11, 10, 10, 9, 9]
pair_est13: [75, 95, 99, 103, 102, 101, 100, 99, 98, 100, 102, 101, 99, 99, 100, 101, 99, 100, 101, 99, 99, 100, 100, 101, 101]
MC_hist16: [36, 14, 11, 13, 11, 11, 10, 9, 10, 9, 10, 9, 8, 8, 10, 10, 9, 8, 11, 8, 10, 8, 8, 8, 8]
pair_est16: [74, 96, 99, 97, 99, 99, 100, 101, 100, 101, 100, 101, 102, 102, 100, 100, 101, 102, 99, 102, 100, 102, 102, 102, 102]
MC_hist15: [37, 13, 9, 11, 11, 9, 10, 10, 10, 12, 10, 9, 10, 11, 7, 9, 7, 8, 10, 9, 9, 12, 10, 8, 11]
pair_est15: [73, 97, 101, 99, 99, 101, 100, 100, 100, 98, 100, 101, 100, 99, 103, 101, 103, 102, 100, 101, 101, 98, 100, 102, 99]
MC_hist17: [36, 15, 10, 7, 9, 10, 7, 9, 8, 10, 10, 10, 12, 8, 9, 10, 10, 10, 8, 10, 11, 11, 8, 7, 9]
pair_est17: [74, 95, 100, 103, 101, 100, 103, 101, 102, 100, 100, 100, 98, 102, 101, 100, 100, 100, 102, 100, 99, 99, 102, 103, 101]
MC_hist19: [33, 14, 9, 10, 9, 9, 9, 9, 7, 8, 12, 11, 10, 10, 10, 10, 9, 10, 10, 8, 9, 12, 10, 8, 10]
pair_est19: [77, 96, 101, 100, 101, 101, 101, 101, 103, 102, 98, 99, 100, 100, 100, 100, 101, 100, 100, 102, 101, 98, 100, 102, 100]
MC_hist18: [36, 18, 12, 12, 11, 8, 9, 11, 11, 9, 10, 10, 10, 10, 10, 11, 11, 11, 12, 8, 9, 12, 10, 9, 11]
pair_est18: [74, 92, 98, 98, 99, 102, 101, 99, 99, 101, 100, 100, 100, 100, 100, 99, 99, 99, 98, 102, 101, 98, 100, 101, 99]
MC Last: [10, 10, 10, 11, 9, 10, 8, 9, 9, 11, 10, 8, 11, 10, 9, 8, 11, 9, 10, 11]
Pair_est_last: [100, 100, 100, 99, 101, 100, 102, 101, 101, 99, 100, 102, 99, 100, 101, 102, 99, 101, 100, 99]
Mean MC Last Value: 10
Mean pair_est Last Value: 100
Error of Count of pairs	0.008000000000000002	[0.   0.   0.   0.01 0.01 0.   0.02 0.01 0.01 0.01 0.   0.02 0.01 0.
 0.01 0.02 0.01 0.01 0.   0.01]
